 EVENT OUTPUT
day mo  year Precp  Runoff  IR-det Av-det Mx-det  Point  Av-dep Max-dep  Point Sed.Del    ER
--- --  ----  (mm)    (mm)  kg/m^2 kg/m^2 kg/m^2    (m)  kg/m^2  kg/m^2    (m)  (kg/m)  ----
   18    5     2  13.0     4.4   0.000   0.00   0.00    0.0    0.00    0.00    0.0     0.0  1.00
   19    5     2   6.1     0.5   0.000   0.00   0.00    0.0    0.00    0.00    0.0     0.0  1.00
   12    5     4   0.0    30.0   0.000   0.00   0.00    0.0    0.00    0.00    0.0     0.0  1.00
   13    5     4   0.0    23.2   0.000   0.00   0.00    0.0    0.00    0.00    0.0     0.0  1.00
   14    5     4   0.0     1.4   0.000   0.00   0.00    0.0    0.00    0.00    0.0     0.0  1.00
   15    5     7  18.3     1.0   0.000   0.00   0.00    0.0    0.00    0.00    0.0     0.0  1.00
   16    5     7   6.3     4.1   0.000   0.00   0.00    0.0    0.00    0.00    0.0     0.0  1.00
   17    5     7  25.1    13.0   0.000   0.00   0.00    0.0    0.00    0.00    0.0     0.0  1.00
   18    5     7   8.9     1.3   0.000   0.00   0.00    0.0    0.00    0.00    0.0     0.0  1.00
   13    5     8   0.0     4.6   0.000   0.00   0.00    0.0    0.00    0.00    0.0     0.0  1.00
   14    5     8   0.0    15.5   0.000   0.00   0.00    0.0    0.00    0.00    0.0     0.0  1.00
   15    5     8   0.0     9.6   0.000   0.00   0.00    0.0    0.00    0.00    0.0     0.0  1.00
   16    5     8   0.0     9.3   0.000   0.00   0.00    0.0    0.00    0.00    0.0     0.0  1.00
   17    5     8   0.0     1.0   0.000   0.00   0.00    0.0    0.00    0.00    0.0     0.0  1.00
   27    5     8   4.3     5.9   0.000   0.00   0.00    0.0    0.00    0.00    0.0     0.0  1.00
   28    5     8   0.0     6.0   0.000   0.00   0.00    0.0    0.00    0.00    0.0     0.0  1.00
   29    5     8   7.1     9.0   0.000   0.00   0.00    0.0    0.00    0.00    0.0     0.0  1.00
   30    5     8   0.0    15.0   0.000   0.00   0.00    0.0    0.00    0.00    0.0     0.0  1.00
   31    5     8  18.0    33.2   0.000   0.00   0.00    0.0    0.00    0.00    0.0     0.0  1.00
    1    6     8   4.3     4.6   0.000   0.00   0.00    0.0    0.00    0.00    0.0     0.0  1.00
    2    6     8   0.0     5.1   0.000   0.00   0.00    0.0    0.00    0.00    0.0     0.0  1.00
    3    6     8   0.0     3.4   0.000   0.00   0.00    0.0    0.00    0.00    0.0     0.0  1.00
    4    6     8   8.1     4.3   0.000   0.00   0.00    0.0    0.00    0.00    0.0     0.0  1.00
    5    6     8   4.3     4.4   0.000   0.00   0.00    0.0    0.00    0.00    0.0     0.0  1.00
    6    6     8   0.0     2.7   0.000   0.00   0.00    0.0    0.00    0.00    0.0     0.0  1.00
    7    6     8   0.0     9.2   0.000   0.00   0.00    0.0    0.00    0.00    0.0     0.0  1.00
    8    6     8   0.0     6.6   0.000   0.00   0.00    0.0    0.00    0.00    0.0     0.0  1.00
    9    6     8   0.0     5.5   0.000   0.00   0.00    0.0    0.00    0.00    0.0     0.0  1.00
   27    5    10   0.0     4.2   0.000   0.00   0.00    0.0    0.00    0.00    0.0     0.0  1.00
   28    5    10   0.0     3.8   0.000   0.00   0.00    0.0    0.00    0.00    0.0     0.0  1.00
   29    5    10   0.0     4.7   0.000   0.00   0.00    0.0    0.00    0.00    0.0     0.0  1.00
   13    6    10   0.0     3.3   0.000   0.00   0.00    0.0    0.00    0.00    0.0     0.0  1.00
   14    6    10   0.0    18.3   0.000   0.00   0.00    0.0    0.00    0.00    0.0     0.0  1.00
   15    6    10   0.0     0.9   0.000   0.00   0.00    0.0    0.00    0.00    0.0     0.0  1.00
   22    5    11   0.0     3.2   0.000   0.00   0.00    0.0    0.00    0.00    0.0     0.0  1.00
   23    5    11   0.0     4.1   0.000   0.00   0.00    0.0    0.00    0.00    0.0     0.0  1.00
   27    5    13   2.3    13.3   0.000   0.00   0.00    0.0    0.00    0.00    0.0     0.0  1.00
   28    5    13   8.9     8.1   0.000   0.00   0.00    0.0    0.00    0.00    0.0     0.0  1.00
   29    5    13   2.0    15.6   0.000   0.00   0.00    0.0    0.00    0.00    0.0     0.0  1.00
   30    5    13   0.0     5.1   0.000   0.00   0.00    0.0    0.00    0.00    0.0     0.0  1.00
   31    5    13   0.0     6.7   0.000   0.00   0.00    0.0    0.00    0.00    0.0     0.0  1.00
    1    6    13   0.0     4.5   0.000   0.00   0.00    0.0    0.00    0.00    0.0     0.0  1.00
    2    6    13   0.0     2.7   0.000   0.00   0.00    0.0    0.00    0.00    0.0     0.0  1.00
    3    6    13   0.0     8.2   0.000   0.00   0.00    0.0    0.00    0.00    0.0     0.0  1.00
    4    6    13   0.0     5.3   0.000   0.00   0.00    0.0    0.00    0.00    0.0     0.0  1.00
    5    6    13   0.0    11.5   0.000   0.00   0.00    0.0    0.00    0.00    0.0     0.0  1.00
    7   11    17  53.3    14.0   0.000   0.00   0.00    0.0    0.00    0.00    0.0     0.0  1.00
   17    5    19   0.0     0.8   0.000   0.00   0.00    0.0    0.00    0.00    0.0     0.0  1.00
   18    5    19   0.0    13.3   0.000   0.00   0.00    0.0    0.00    0.00    0.0     0.0  1.00
   19    5    19   0.0    17.0   0.000   0.00   0.00    0.0    0.00    0.00    0.0     0.0  1.00
   20    5    19  15.2    13.0   0.000   0.00   0.00    0.0    0.00    0.00    0.0     0.0  1.00
   27    5    19   0.0     0.0   0.000   0.00   0.00    0.0    0.00    0.00    0.0     0.0  1.00
   28    5    19   6.1    12.1   0.000   0.00   0.00    0.0    0.00    0.00    0.0     0.0  1.00
   29    5    19   3.0     3.9   0.000   0.00   0.00    0.0    0.00    0.00    0.0     0.0  1.00
   30    5    19   2.0     5.4   0.000   0.00   0.00    0.0    0.00    0.00    0.0     0.0  1.00
   18    5    20   0.0    17.2   0.000   0.00   0.00    0.0    0.00    0.00    0.0     0.0  1.00
   15    5    22  17.0     4.9   0.000   0.00   0.00    0.0    0.00    0.00    0.0     0.0  1.00
   16    5    22  18.0     4.2   0.000   0.00   0.00    0.0    0.00    0.00    0.0     0.0  1.00
   17    5    22   7.1     0.0   0.000   0.00   0.00    0.0    0.00    0.00    0.0     0.0  1.00
   20    5    22   0.0     3.2   0.000   0.00   0.00    0.0    0.00    0.00    0.0     0.0  1.00
   21    5    22  16.0     8.8   0.000   0.00   0.00    0.0    0.00    0.00    0.0     0.0  1.00
   26    5    22  18.3     2.3   0.000   0.00   0.00    0.0    0.00    0.00    0.0     0.0  1.00
    6    6    22   0.0     8.7   0.000   0.00   0.00    0.0    0.00    0.00    0.0     0.0  1.00
    7    6    22   5.1     5.9   0.000   0.00   0.00    0.0    0.00    0.00    0.0     0.0  1.00
   24    4    23   4.3     8.8   0.000   0.00   0.00    0.0    0.00    0.00    0.0     0.0  1.00
   25    4    23   3.3    22.1   0.000   0.00   0.00    0.0    0.00    0.00    0.0     0.0  1.00
   26    4    23  21.3     9.3   0.000   0.00   0.00    0.0    0.00    0.00    0.0     0.0  1.00
   27    4    23  15.5     0.1   0.000   0.00   0.00    0.0    0.00    0.00    0.0     0.0  1.00
   15    5    23   0.0    13.9   0.000   0.00   0.00    0.0    0.00    0.00    0.0     0.0  1.00
    7    5    24   0.0     4.4   0.000   0.00   0.00    0.0    0.00    0.00    0.0     0.0  1.00
    8    5    24   0.0    26.5   0.000   0.00   0.00    0.0    0.00    0.00    0.0     0.0  1.00
