 EVENT OUTPUT
day mo  year Precp  Runoff  IR-det Av-det Mx-det  Point  Av-dep Max-dep  Point Sed.Del    ER
--- --  ----  (mm)    (mm)  kg/m^2 kg/m^2 kg/m^2    (m)  kg/m^2  kg/m^2    (m)  (kg/m)  ----
   23    4     1  11.4     1.3   0.000   0.00   0.00    0.0    0.00    0.00    0.0     0.0  1.00
   18    5     2  13.0     3.9   0.000   0.00   0.00    0.0    0.00    0.00    0.0     0.0  1.00
   19    5     2   6.1     3.0   0.000   0.00   0.00    0.0    0.00    0.00    0.0     0.0  1.00
   20    5     2  14.0    14.7   0.000   0.00   0.00    0.0    0.00    0.00    0.0     0.0  1.00
   21    5     2   0.0     2.5   0.000   0.00   0.00    0.0    0.00    0.00    0.0     0.0  1.00
   22    5     2   0.0     1.9   0.000   0.00   0.00    0.0    0.00    0.00    0.0     0.0  1.00
   23    5     2   0.0     1.8   0.000   0.00   0.00    0.0    0.00    0.00    0.0     0.0  1.00
   24    5     2   7.9     5.1   0.000   0.00   0.00    0.0    0.00    0.00    0.0     0.0  1.00
   12    5     4   0.0    32.9   0.000   0.00   0.00    0.0    0.00    0.00    0.0     0.0  1.00
   13    5     4   0.0    24.3   0.000   0.00   0.00    0.0    0.00    0.00    0.0     0.0  1.00
   14    5     4   0.0    25.9   0.000   0.00   0.00    0.0    0.00    0.00    0.0     0.0  1.00
   15    5     4   0.0    22.5   0.000   0.00   0.00    0.0    0.00    0.00    0.0     0.0  1.00
   15    5     7  18.5     0.0   0.000   0.00   0.00    0.0    0.00    0.00    0.0     0.0  1.00
   16    5     7   6.6     4.5   0.000   0.00   0.00    0.0    0.00    0.00    0.0     0.0  1.00
   17    5     7  25.7    13.1   0.000   0.00   0.00    0.0    0.00    0.00    0.0     0.0  1.00
   18    5     7   9.1     1.6   0.000   0.00   0.00    0.0    0.00    0.00    0.0     0.0  1.00
   26    5     7   0.0     2.2   0.000   0.00   0.00    0.0    0.00    0.00    0.0     0.0  1.00
   27    5     7   0.0     7.3   0.000   0.00   0.00    0.0    0.00    0.00    0.0     0.0  1.00
   13    5     8   0.0     3.5   0.000   0.00   0.00    0.0    0.00    0.00    0.0     0.0  1.00
   14    5     8   0.0    15.7   0.000   0.00   0.00    0.0    0.00    0.00    0.0     0.0  1.00
   15    5     8   0.0     9.8   0.000   0.00   0.00    0.0    0.00    0.00    0.0     0.0  1.00
   16    5     8   0.0    10.1   0.000   0.00   0.00    0.0    0.00    0.00    0.0     0.0  1.00
   17    5     8   0.0     0.9   0.000   0.00   0.00    0.0    0.00    0.00    0.0     0.0  1.00
   20    5     8   0.0     0.6   0.000   0.00   0.00    0.0    0.00    0.00    0.0     0.0  1.00
   24    5     8  13.2     0.9   0.000   0.00   0.00    0.0    0.00    0.00    0.0     0.0  1.00
   25    5     8  13.0     2.1   0.000   0.00   0.00    0.0    0.00    0.00    0.0     0.0  1.00
   26    5     8   7.1     4.6   0.000   0.00   0.00    0.0    0.00    0.00    0.0     0.0  1.00
   27    5     8   4.6     3.6   0.000   0.00   0.00    0.0    0.00    0.00    0.0     0.0  1.00
   28    5     8   0.0     4.3   0.000   0.00   0.00    0.0    0.00    0.00    0.0     0.0  1.00
   29    5     8   7.6    11.5   0.000   0.00   0.00    0.0    0.00    0.00    0.0     0.0  1.00
   30    5     8   0.0    17.2   0.000   0.00   0.00    0.0    0.00    0.00    0.0     0.0  1.00
   31    5     8  18.3    34.3   0.000   0.00   0.00    0.0    0.00    0.00    0.0     0.0  1.00
    1    6     8   4.6     1.9   0.000   0.00   0.00    0.0    0.00    0.00    0.0     0.0  1.00
    2    6     8   0.0     6.9   0.000   0.00   0.00    0.0    0.00    0.00    0.0     0.0  1.00
    3    6     8   0.0     2.4   0.000   0.00   0.00    0.0    0.00    0.00    0.0     0.0  1.00
    4    6     8   8.4     4.0   0.000   0.00   0.00    0.0    0.00    0.00    0.0     0.0  1.00
    5    6     8   4.6     1.5   0.000   0.00   0.00    0.0    0.00    0.00    0.0     0.0  1.00
    6    6     8   0.0     0.2   0.000   0.00   0.00    0.0    0.00    0.00    0.0     0.0  1.00
    7    6     8   0.0    10.4   0.000   0.00   0.00    0.0    0.00    0.00    0.0     0.0  1.00
    8    6     8   0.0     7.5   0.000   0.00   0.00    0.0    0.00    0.00    0.0     0.0  1.00
    9    6     8   0.0     9.4   0.000   0.00   0.00    0.0    0.00    0.00    0.0     0.0  1.00
   10    6     8   0.0    12.0   0.000   0.00   0.00    0.0    0.00    0.00    0.0     0.0  1.00
   11    6     8   7.4    15.1   0.000   0.00   0.00    0.0    0.00    0.00    0.0     0.0  1.00
   12    6     8  11.2    15.5   0.000   0.00   0.00    0.0    0.00    0.00    0.0     0.0  1.00
   13    6     8   4.1    14.8   0.000   0.00   0.00    0.0    0.00    0.00    0.0     0.0  1.00
   14    6     8   0.0    14.1   0.000   0.00   0.00    0.0    0.00    0.00    0.0     0.0  1.00
    1    5     9   0.0     0.7   0.000   0.00   0.00    0.0    0.00    0.00    0.0     0.0  1.00
    2    5     9   0.0    16.0   0.000   0.00   0.00    0.0    0.00    0.00    0.0     0.0  1.00
   27    5    10   0.0     2.4   0.000   0.00   0.00    0.0    0.00    0.00    0.0     0.0  1.00
   28    5    10   0.0     4.5   0.000   0.00   0.00    0.0    0.00    0.00    0.0     0.0  1.00
   29    5    10   0.0     5.3   0.000   0.00   0.00    0.0    0.00    0.00    0.0     0.0  1.00
   13    6    10   0.0     6.8   0.000   0.00   0.00    0.0    0.00    0.00    0.0     0.0  1.00
   14    6    10   0.0    19.9   0.000   0.00   0.00    0.0    0.00    0.00    0.0     0.0  1.00
   15    6    10   0.0    35.9   0.000   0.00   0.00    0.0    0.00    0.00    0.0     0.0  1.00
   16    6    10   0.0    31.9   0.000   0.00   0.00    0.0    0.00    0.00    0.0     0.0  1.00
   17    6    10   0.0    18.9   0.000   0.00   0.00    0.0    0.00    0.00    0.0     0.0  1.00
   18    6    10   0.0    15.6   0.000   0.00   0.00    0.0    0.00    0.00    0.0     0.0  1.00
   19    6    10   0.0     7.8   0.000   0.00   0.00    0.0    0.00    0.00    0.0     0.0  1.00
   22    5    11   0.0     1.3   0.000   0.00   0.00    0.0    0.00    0.00    0.0     0.0  1.00
   23    5    11   0.0     3.4   0.000   0.00   0.00    0.0    0.00    0.00    0.0     0.0  1.00
   24    5    11   0.0     4.5   0.000   0.00   0.00    0.0    0.00    0.00    0.0     0.0  1.00
   25    5    11   0.0     3.1   0.000   0.00   0.00    0.0    0.00    0.00    0.0     0.0  1.00
   27    5    11  11.2     7.3   0.000   0.00   0.00    0.0    0.00    0.00    0.0     0.0  1.00
   14    5    12  26.7    10.2   0.000   0.00   0.00    0.0    0.00    0.00    0.0     0.0  1.00
   15    5    12  21.6     7.1   0.000   0.00   0.00    0.0    0.00    0.00    0.0     0.0  1.00
   27    5    13   2.5    10.6   0.000   0.00   0.00    0.0    0.00    0.00    0.0     0.0  1.00
   28    5    13   8.9     8.2   0.000   0.00   0.00    0.0    0.00    0.00    0.0     0.0  1.00
   29    5    13   2.0    16.3   0.000   0.00   0.00    0.0    0.00    0.00    0.0     0.0  1.00
   30    5    13   0.0     2.1   0.000   0.00   0.00    0.0    0.00    0.00    0.0     0.0  1.00
   31    5    13   0.0     4.8   0.000   0.00   0.00    0.0    0.00    0.00    0.0     0.0  1.00
    1    6    13   0.0     1.0   0.000   0.00   0.00    0.0    0.00    0.00    0.0     0.0  1.00
    2    6    13   0.0     2.8   0.000   0.00   0.00    0.0    0.00    0.00    0.0     0.0  1.00
    3    6    13   0.0     9.6   0.000   0.00   0.00    0.0    0.00    0.00    0.0     0.0  1.00
    4    6    13   0.0     6.4   0.000   0.00   0.00    0.0    0.00    0.00    0.0     0.0  1.00
    5    6    13   0.0    13.5   0.000   0.00   0.00    0.0    0.00    0.00    0.0     0.0  1.00
   13    6    13   1.3    19.5   0.000   0.00   0.00    0.0    0.00    0.00    0.0     0.0  1.00
   14    6    13   0.0    26.5   0.000   0.00   0.00    0.0    0.00    0.00    0.0     0.0  1.00
   15    6    13   0.0    36.7   0.000   0.00   0.00    0.0    0.00    0.00    0.0     0.0  1.00
   16    6    13   0.0    14.1   0.000   0.00   0.00    0.0    0.00    0.00    0.0     0.0  1.00
    7   11    17  54.6    17.4   0.000   0.00   0.00    0.0    0.00    0.00    0.0     0.0  1.00
   17    5    19   0.0     2.2   0.000   0.00   0.00    0.0    0.00    0.00    0.0     0.0  1.00
   18    5    19   0.0    13.5   0.000   0.00   0.00    0.0    0.00    0.00    0.0     0.0  1.00
   19    5    19   0.0    17.6   0.000   0.00   0.00    0.0    0.00    0.00    0.0     0.0  1.00
   20    5    19  15.5    13.3   0.000   0.00   0.00    0.0    0.00    0.00    0.0     0.0  1.00
   26    5    19   0.0     3.4   0.000   0.00   0.00    0.0    0.00    0.00    0.0     0.0  1.00
   27    5    19   0.0     2.9   0.000   0.00   0.00    0.0    0.00    0.00    0.0     0.0  1.00
   28    5    19   6.1    15.5   0.000   0.00   0.00    0.0    0.00    0.00    0.0     0.0  1.00
   29    5    19   3.0     1.3   0.000   0.00   0.00    0.0    0.00    0.00    0.0     0.0  1.00
   30    5    19   2.0    10.7   0.000   0.00   0.00    0.0    0.00    0.00    0.0     0.0  1.00
   31    5    19   5.1    17.0   0.000   0.00   0.00    0.0    0.00    0.00    0.0     0.0  1.00
    1    6    19   5.1     5.6   0.000   0.00   0.00    0.0    0.00    0.00    0.0     0.0  1.00
    2    6    19   7.1     2.4   0.000   0.00   0.00    0.0    0.00    0.00    0.0     0.0  1.00
    3    6    19   7.9     0.6   0.000   0.00   0.00    0.0    0.00    0.00    0.0     0.0  1.00
    4    6    19   9.4     0.7   0.000   0.00   0.00    0.0    0.00    0.00    0.0     0.0  1.00
   18    5    20   0.0    22.1   0.000   0.00   0.00    0.0    0.00    0.00    0.0     0.0  1.00
   19    5    20   2.0     1.7   0.000   0.00   0.00    0.0    0.00    0.00    0.0     0.0  1.00
   15    5    22  16.8     4.2   0.000   0.00   0.00    0.0    0.00    0.00    0.0     0.0  1.00
   16    5    22  18.3     3.4   0.000   0.00   0.00    0.0    0.00    0.00    0.0     0.0  1.00
   17    5    22   7.9     1.4   0.000   0.00   0.00    0.0    0.00    0.00    0.0     0.0  1.00
   19    5    22   0.0     1.8   0.000   0.00   0.00    0.0    0.00    0.00    0.0     0.0  1.00
   20    5    22   0.0     7.1   0.000   0.00   0.00    0.0    0.00    0.00    0.0     0.0  1.00
   21    5    22  14.0     8.0   0.000   0.00   0.00    0.0    0.00    0.00    0.0     0.0  1.00
   25    5    22   6.3     2.4   0.000   0.00   0.00    0.0    0.00    0.00    0.0     0.0  1.00
   26    5    22  19.0     4.2   0.000   0.00   0.00    0.0    0.00    0.00    0.0     0.0  1.00
   29    5    22   0.0     0.6   0.000   0.00   0.00    0.0    0.00    0.00    0.0     0.0  1.00
    2    6    22  13.0     1.7   0.000   0.00   0.00    0.0    0.00    0.00    0.0     0.0  1.00
    4    6    22   0.0     3.2   0.000   0.00   0.00    0.0    0.00    0.00    0.0     0.0  1.00
    5    6    22   0.0     9.2   0.000   0.00   0.00    0.0    0.00    0.00    0.0     0.0  1.00
    6    6    22   0.0    11.4   0.000   0.00   0.00    0.0    0.00    0.00    0.0     0.0  1.00
    7    6    22   5.1     6.6   0.000   0.00   0.00    0.0    0.00    0.00    0.0     0.0  1.00
   10    6    22   0.0     1.3   0.000   0.00   0.00    0.0    0.00    0.00    0.0     0.0  1.00
   11    6    22   6.3     8.2   0.000   0.00   0.00    0.0    0.00    0.00    0.0     0.0  1.00
   12    6    22   4.8    11.8   0.000   0.00   0.00    0.0    0.00    0.00    0.0     0.0  1.00
   13    6    22   5.6     4.4   0.000   0.00   0.00    0.0    0.00    0.00    0.0     0.0  1.00
   14    6    22   0.0     0.9   0.000   0.00   0.00    0.0    0.00    0.00    0.0     0.0  1.00
   18    6    22   8.9     6.3   0.000   0.00   0.00    0.0    0.00    0.00    0.0     0.0  1.00
   24    4    23   4.8     8.8   0.000   0.00   0.00    0.0    0.00    0.00    0.0     0.0  1.00
   25    4    23   4.3    22.1   0.000   0.00   0.00    0.0    0.00    0.00    0.0     0.0  1.00
   26    4    23  21.8     9.1   0.000   0.00   0.00    0.0    0.00    0.00    0.0     0.0  1.00
   27    4    23  16.5     0.1   0.000   0.00   0.00    0.0    0.00    0.00    0.0     0.0  1.00
   15    5    23   0.0    18.7   0.000   0.00   0.00    0.0    0.00    0.00    0.0     0.0  1.00
   16    5    23   0.0    10.2   0.000   0.00   0.00    0.0    0.00    0.00    0.0     0.0  1.00
   17    5    23   0.0     2.9   0.000   0.00   0.00    0.0    0.00    0.00    0.0     0.0  1.00
    7    5    24   0.0     5.7   0.000   0.00   0.00    0.0    0.00    0.00    0.0     0.0  1.00
    8    5    24   0.0    27.1   0.000   0.00   0.00    0.0    0.00    0.00    0.0     0.0  1.00
    9    5    24   0.0    24.0   0.000   0.00   0.00    0.0    0.00    0.00    0.0     0.0  1.00
   10    5    24   0.0     7.8   0.000   0.00   0.00    0.0    0.00    0.00    0.0     0.0  1.00
   15    3    26  35.6     6.3   0.000   0.00   0.00    0.0    0.00    0.00    0.0     0.0  1.00
