 EVENT OUTPUT
day mo  year Precp  Runoff  IR-det Av-det Mx-det  Point  Av-dep Max-dep  Point Sed.Del    ER
--- --  ----  (mm)    (mm)  kg/m^2 kg/m^2 kg/m^2    (m)  kg/m^2  kg/m^2    (m)  (kg/m)  ----
   18    5     2  13.0     9.3   0.000   0.00   0.00    0.0    0.00    0.00    0.0     0.0  1.00
   19    5     2   6.1     3.7   0.000   0.00   0.00    0.0    0.00    0.00    0.0     0.0  1.00
   20    5     2  14.0     3.5   0.000   0.00   0.00    0.0    0.00    0.00    0.0     0.0  1.00
   11    5     4   0.0     0.2   0.000   0.00   0.00    0.0    0.00    0.00    0.0     0.0  1.00
   12    5     4   0.0    33.7   0.000   0.00   0.00    0.0    0.00    0.00    0.0     0.0  1.00
   13    5     4   0.0    25.1   0.000   0.00   0.00    0.0    0.00    0.00    0.0     0.0  1.00
   14    5     4   0.0     5.5   0.000   0.00   0.00    0.0    0.00    0.00    0.0     0.0  1.00
   15    5     7  17.8     0.1   0.000   0.00   0.00    0.0    0.00    0.00    0.0     0.0  1.00
   16    5     7   5.8     4.0   0.000   0.00   0.00    0.0    0.00    0.00    0.0     0.0  1.00
   17    5     7  25.9    14.8   0.000   0.00   0.00    0.0    0.00    0.00    0.0     0.0  1.00
   18    5     7   8.9     1.9   0.000   0.00   0.00    0.0    0.00    0.00    0.0     0.0  1.00
   26    5     7   0.0     5.3   0.000   0.00   0.00    0.0    0.00    0.00    0.0     0.0  1.00
   27    5     7   0.0     2.8   0.000   0.00   0.00    0.0    0.00    0.00    0.0     0.0  1.00
   13    5     8   0.0     4.1   0.000   0.00   0.00    0.0    0.00    0.00    0.0     0.0  1.00
   14    5     8   0.0    16.5   0.000   0.00   0.00    0.0    0.00    0.00    0.0     0.0  1.00
   15    5     8   0.0    10.6   0.000   0.00   0.00    0.0    0.00    0.00    0.0     0.0  1.00
   16    5     8   0.0    10.8   0.000   0.00   0.00    0.0    0.00    0.00    0.0     0.0  1.00
   17    5     8   0.0     1.9   0.000   0.00   0.00    0.0    0.00    0.00    0.0     0.0  1.00
   19    5     8   0.0     1.1   0.000   0.00   0.00    0.0    0.00    0.00    0.0     0.0  1.00
   20    5     8   0.0     2.7   0.000   0.00   0.00    0.0    0.00    0.00    0.0     0.0  1.00
   21    5     8   0.0     0.5   0.000   0.00   0.00    0.0    0.00    0.00    0.0     0.0  1.00
   22    5     8   0.0     0.9   0.000   0.00   0.00    0.0    0.00    0.00    0.0     0.0  1.00
   23    5     8   0.0     0.0   0.000   0.00   0.00    0.0    0.00    0.00    0.0     0.0  1.00
   24    5     8  13.0     3.9   0.000   0.00   0.00    0.0    0.00    0.00    0.0     0.0  1.00
   25    5     8  13.0     2.8   0.000   0.00   0.00    0.0    0.00    0.00    0.0     0.0  1.00
   26    5     8   6.9     5.4   0.000   0.00   0.00    0.0    0.00    0.00    0.0     0.0  1.00
   27    5     8   3.8     2.8   0.000   0.00   0.00    0.0    0.00    0.00    0.0     0.0  1.00
   28    5     8   0.0     5.1   0.000   0.00   0.00    0.0    0.00    0.00    0.0     0.0  1.00
   29    5     8   6.9    10.9   0.000   0.00   0.00    0.0    0.00    0.00    0.0     0.0  1.00
   30    5     8   0.0    17.0   0.000   0.00   0.00    0.0    0.00    0.00    0.0     0.0  1.00
   31    5     8  18.0    36.0   0.000   0.00   0.00    0.0    0.00    0.00    0.0     0.0  1.00
    1    6     8   4.1     2.2   0.000   0.00   0.00    0.0    0.00    0.00    0.0     0.0  1.00
    2    6     8   0.0     6.7   0.000   0.00   0.00    0.0    0.00    0.00    0.0     0.0  1.00
    3    6     8   0.0     3.5   0.000   0.00   0.00    0.0    0.00    0.00    0.0     0.0  1.00
    4    6     8   7.9     4.1   0.000   0.00   0.00    0.0    0.00    0.00    0.0     0.0  1.00
    5    6     8   3.8     1.3   0.000   0.00   0.00    0.0    0.00    0.00    0.0     0.0  1.00
    6    6     8   0.0     0.1   0.000   0.00   0.00    0.0    0.00    0.00    0.0     0.0  1.00
    7    6     8   0.0    10.6   0.000   0.00   0.00    0.0    0.00    0.00    0.0     0.0  1.00
    8    6     8   0.0     8.2   0.000   0.00   0.00    0.0    0.00    0.00    0.0     0.0  1.00
    9    6     8   0.0     9.9   0.000   0.00   0.00    0.0    0.00    0.00    0.0     0.0  1.00
   10    6     8   0.0    12.6   0.000   0.00   0.00    0.0    0.00    0.00    0.0     0.0  1.00
   11    6     8   6.9    15.1   0.000   0.00   0.00    0.0    0.00    0.00    0.0     0.0  1.00
   12    6     8  10.9    17.5   0.000   0.00   0.00    0.0    0.00    0.00    0.0     0.0  1.00
    1    5     9   0.0     2.7   0.000   0.00   0.00    0.0    0.00    0.00    0.0     0.0  1.00
    2    5     9   0.0     6.4   0.000   0.00   0.00    0.0    0.00    0.00    0.0     0.0  1.00
   25    5    10   0.0     3.3   0.000   0.00   0.00    0.0    0.00    0.00    0.0     0.0  1.00
   26    5    10   0.0     2.1   0.000   0.00   0.00    0.0    0.00    0.00    0.0     0.0  1.00
   27    5    10   0.0     5.9   0.000   0.00   0.00    0.0    0.00    0.00    0.0     0.0  1.00
   28    5    10   0.0     5.1   0.000   0.00   0.00    0.0    0.00    0.00    0.0     0.0  1.00
   29    5    10   0.0     4.1   0.000   0.00   0.00    0.0    0.00    0.00    0.0     0.0  1.00
   31    5    10   6.1     0.6   0.000   0.00   0.00    0.0    0.00    0.00    0.0     0.0  1.00
    1    6    10   3.0     2.1   0.000   0.00   0.00    0.0    0.00    0.00    0.0     0.0  1.00
   13    6    10   0.0    10.4   0.000   0.00   0.00    0.0    0.00    0.00    0.0     0.0  1.00
   14    6    10   0.0    20.2   0.000   0.00   0.00    0.0    0.00    0.00    0.0     0.0  1.00
   15    6    10   0.0    36.9   0.000   0.00   0.00    0.0    0.00    0.00    0.0     0.0  1.00
   16    6    10   0.0    18.4   0.000   0.00   0.00    0.0    0.00    0.00    0.0     0.0  1.00
   22    5    11   0.0     9.8   0.000   0.00   0.00    0.0    0.00    0.00    0.0     0.0  1.00
   23    5    11   0.0     3.8   0.000   0.00   0.00    0.0    0.00    0.00    0.0     0.0  1.00
   24    5    11   0.0     4.8   0.000   0.00   0.00    0.0    0.00    0.00    0.0     0.0  1.00
   25    5    11   0.0     3.1   0.000   0.00   0.00    0.0    0.00    0.00    0.0     0.0  1.00
   26    5    11   0.0     0.7   0.000   0.00   0.00    0.0    0.00    0.00    0.0     0.0  1.00
   27    5    13   1.8    16.3   0.000   0.00   0.00    0.0    0.00    0.00    0.0     0.0  1.00
   28    5    13   8.9     9.1   0.000   0.00   0.00    0.0    0.00    0.00    0.0     0.0  1.00
   29    5    13   2.0    15.0   0.000   0.00   0.00    0.0    0.00    0.00    0.0     0.0  1.00
   30    5    13   0.0     2.7   0.000   0.00   0.00    0.0    0.00    0.00    0.0     0.0  1.00
   31    5    13   0.0     5.9   0.000   0.00   0.00    0.0    0.00    0.00    0.0     0.0  1.00
    1    6    13   0.0     2.2   0.000   0.00   0.00    0.0    0.00    0.00    0.0     0.0  1.00
    2    6    13   0.0     0.2   0.000   0.00   0.00    0.0    0.00    0.00    0.0     0.0  1.00
    3    6    13   0.0    10.2   0.000   0.00   0.00    0.0    0.00    0.00    0.0     0.0  1.00
    4    6    13   0.0     6.1   0.000   0.00   0.00    0.0    0.00    0.00    0.0     0.0  1.00
    5    6    13   0.0    15.8   0.000   0.00   0.00    0.0    0.00    0.00    0.0     0.0  1.00
   12    6    13   0.0     0.7   0.000   0.00   0.00    0.0    0.00    0.00    0.0     0.0  1.00
   13    6    13   2.8    22.2   0.000   0.00   0.00    0.0    0.00    0.00    0.0     0.0  1.00
   14    6    13   0.0     9.8   0.000   0.00   0.00    0.0    0.00    0.00    0.0     0.0  1.00
    7   11    17  53.6    15.6   0.000   0.00   0.00    0.0    0.00    0.00    0.0     0.0  1.00
   17    5    19   0.0     3.5   0.000   0.00   0.00    0.0    0.00    0.00    0.0     0.0  1.00
   18    5    19   0.0    14.4   0.000   0.00   0.00    0.0    0.00    0.00    0.0     0.0  1.00
   19    5    19   0.0    18.4   0.000   0.00   0.00    0.0    0.00    0.00    0.0     0.0  1.00
   20    5    19  15.0    13.5   0.000   0.00   0.00    0.0    0.00    0.00    0.0     0.0  1.00
   26    5    19   0.0     4.6   0.000   0.00   0.00    0.0    0.00    0.00    0.0     0.0  1.00
   27    5    19   0.0     0.7   0.000   0.00   0.00    0.0    0.00    0.00    0.0     0.0  1.00
   28    5    19   6.1    15.5   0.000   0.00   0.00    0.0    0.00    0.00    0.0     0.0  1.00
   29    5    19   3.0     2.7   0.000   0.00   0.00    0.0    0.00    0.00    0.0     0.0  1.00
   30    5    19   2.0    12.1   0.000   0.00   0.00    0.0    0.00    0.00    0.0     0.0  1.00
   31    5    19   5.1    17.7   0.000   0.00   0.00    0.0    0.00    0.00    0.0     0.0  1.00
   17    5    20   0.0     2.2   0.000   0.00   0.00    0.0    0.00    0.00    0.0     0.0  1.00
   18    5    20   0.0    26.2   0.000   0.00   0.00    0.0    0.00    0.00    0.0     0.0  1.00
   19    5    20   1.8     2.9   0.000   0.00   0.00    0.0    0.00    0.00    0.0     0.0  1.00
   15    5    22  17.3     8.9   0.000   0.00   0.00    0.0    0.00    0.00    0.0     0.0  1.00
   16    5    22  18.0     4.4   0.000   0.00   0.00    0.0    0.00    0.00    0.0     0.0  1.00
   17    5    22   7.9     1.8   0.000   0.00   0.00    0.0    0.00    0.00    0.0     0.0  1.00
   19    5    22   0.0     3.4   0.000   0.00   0.00    0.0    0.00    0.00    0.0     0.0  1.00
   20    5    22   0.0     8.0   0.000   0.00   0.00    0.0    0.00    0.00    0.0     0.0  1.00
   21    5    22  18.5    14.0   0.000   0.00   0.00    0.0    0.00    0.00    0.0     0.0  1.00
   22    5    22   4.8     0.4   0.000   0.00   0.00    0.0    0.00    0.00    0.0     0.0  1.00
   23    5    22   0.0     0.7   0.000   0.00   0.00    0.0    0.00    0.00    0.0     0.0  1.00
   25    5    22   5.8     2.8   0.000   0.00   0.00    0.0    0.00    0.00    0.0     0.0  1.00
   26    5    22  18.8     4.6   0.000   0.00   0.00    0.0    0.00    0.00    0.0     0.0  1.00
   27    5    22   9.9     0.1   0.000   0.00   0.00    0.0    0.00    0.00    0.0     0.0  1.00
   29    5    22   0.0     2.0   0.000   0.00   0.00    0.0    0.00    0.00    0.0     0.0  1.00
   30    5    22   0.0     0.1   0.000   0.00   0.00    0.0    0.00    0.00    0.0     0.0  1.00
   31    5    22   3.0     0.8   0.000   0.00   0.00    0.0    0.00    0.00    0.0     0.0  1.00
    1    6    22   3.0     0.2   0.000   0.00   0.00    0.0    0.00    0.00    0.0     0.0  1.00
    2    6    22  13.0     2.3   0.000   0.00   0.00    0.0    0.00    0.00    0.0     0.0  1.00
    4    6    22   0.0     3.6   0.000   0.00   0.00    0.0    0.00    0.00    0.0     0.0  1.00
    5    6    22   0.0     9.7   0.000   0.00   0.00    0.0    0.00    0.00    0.0     0.0  1.00
    6    6    22   0.0    12.1   0.000   0.00   0.00    0.0    0.00    0.00    0.0     0.0  1.00
    7    6    22   5.1     7.2   0.000   0.00   0.00    0.0    0.00    0.00    0.0     0.0  1.00
    8    6    22   0.0     0.9   0.000   0.00   0.00    0.0    0.00    0.00    0.0     0.0  1.00
   10    6    22   0.0     2.3   0.000   0.00   0.00    0.0    0.00    0.00    0.0     0.0  1.00
   11    6    22   5.8     7.6   0.000   0.00   0.00    0.0    0.00    0.00    0.0     0.0  1.00
   23    4    23   2.0     1.9   0.000   0.00   0.00    0.0    0.00    0.00    0.0     0.0  1.00
   24    4    23   4.8    10.0   0.000   0.00   0.00    0.0    0.00    0.00    0.0     0.0  1.00
   25    4    23   4.3    24.8   0.000   0.00   0.00    0.0    0.00    0.00    0.0     0.0  1.00
   26    4    23  20.8     9.9   0.000   0.00   0.00    0.0    0.00    0.00    0.0     0.0  1.00
   15    5    23   0.0    20.0   0.000   0.00   0.00    0.0    0.00    0.00    0.0     0.0  1.00
   16    5    23   0.0     0.3   0.000   0.00   0.00    0.0    0.00    0.00    0.0     0.0  1.00
    7    5    24   0.0     7.6   0.000   0.00   0.00    0.0    0.00    0.00    0.0     0.0  1.00
    8    5    24   0.0    27.1   0.000   0.00   0.00    0.0    0.00    0.00    0.0     0.0  1.00
