 EVENT OUTPUT
day mo  year Precp  Runoff  IR-det Av-det Mx-det  Point  Av-dep Max-dep  Point Sed.Del    ER
--- --  ----  (mm)    (mm)  kg/m^2 kg/m^2 kg/m^2    (m)  kg/m^2  kg/m^2    (m)  (kg/m)  ----
   11    5     4   0.0     1.6   0.000   0.00   0.00    0.0    0.00    0.00    0.0     0.0  1.00
   12    5     4   0.0     6.7   0.000   0.00   0.00    0.0    0.00    0.00    0.0     0.0  1.00
   21    4     5   0.0     0.3   0.000   0.00   0.00    0.0    0.00    0.00    0.0     0.0  1.00
   16    5     6   0.0     0.1   0.000   0.00   0.00    0.0    0.00    0.00    0.0     0.0  1.00
   15    5     7  17.8     4.2   0.000   0.00   0.00    0.0    0.00    0.00    0.0     0.0  1.00
   16    5     7   5.8     5.2   0.000   0.00   0.00    0.0    0.00    0.00    0.0     0.0  1.00
   17    5     7  25.4    14.0   0.000   0.00   0.00    0.0    0.00    0.00    0.0     0.0  1.00
   18    5     7   8.9     2.2   0.000   0.00   0.00    0.0    0.00    0.00    0.0     0.0  1.00
   13    5     8   0.0     6.6   0.000   0.00   0.00    0.0    0.00    0.00    0.0     0.0  1.00
   14    5     8   0.0    16.2   0.000   0.00   0.00    0.0    0.00    0.00    0.0     0.0  1.00
   15    5     8   0.0     9.9   0.000   0.00   0.00    0.0    0.00    0.00    0.0     0.0  1.00
   16    5     8   0.0    10.0   0.000   0.00   0.00    0.0    0.00    0.00    0.0     0.0  1.00
   17    5     8   0.0     2.2   0.000   0.00   0.00    0.0    0.00    0.00    0.0     0.0  1.00
   18    5     8   0.0     0.1   0.000   0.00   0.00    0.0    0.00    0.00    0.0     0.0  1.00
   19    5     8   0.0     2.4   0.000   0.00   0.00    0.0    0.00    0.00    0.0     0.0  1.00
   20    5     8   0.0     3.1   0.000   0.00   0.00    0.0    0.00    0.00    0.0     0.0  1.00
   21    5     8   0.0     1.3   0.000   0.00   0.00    0.0    0.00    0.00    0.0     0.0  1.00
   22    5     8   0.0     1.5   0.000   0.00   0.00    0.0    0.00    0.00    0.0     0.0  1.00
   23    5     8   0.0     0.9   0.000   0.00   0.00    0.0    0.00    0.00    0.0     0.0  1.00
   24    5     8  13.0     4.5   0.000   0.00   0.00    0.0    0.00    0.00    0.0     0.0  1.00
   25    5     8  12.4     2.4   0.000   0.00   0.00    0.0    0.00    0.00    0.0     0.0  1.00
   26    5     8   6.3     2.7   0.000   0.00   0.00    0.0    0.00    0.00    0.0     0.0  1.00
   27    5     8   3.8     2.8   0.000   0.00   0.00    0.0    0.00    0.00    0.0     0.0  1.00
   28    5     8   0.0     3.1   0.000   0.00   0.00    0.0    0.00    0.00    0.0     0.0  1.00
   29    5     8   6.9    10.7   0.000   0.00   0.00    0.0    0.00    0.00    0.0     0.0  1.00
   30    5     8   0.0    15.6   0.000   0.00   0.00    0.0    0.00    0.00    0.0     0.0  1.00
   31    5     8  18.0    34.6   0.000   0.00   0.00    0.0    0.00    0.00    0.0     0.0  1.00
    1    6     8   3.8     0.7   0.000   0.00   0.00    0.0    0.00    0.00    0.0     0.0  1.00
    2    6     8   0.0     4.4   0.000   0.00   0.00    0.0    0.00    0.00    0.0     0.0  1.00
    3    6     8   0.0     2.0   0.000   0.00   0.00    0.0    0.00    0.00    0.0     0.0  1.00
    4    6     8   7.9     4.1   0.000   0.00   0.00    0.0    0.00    0.00    0.0     0.0  1.00
    5    6     8   3.8     1.1   0.000   0.00   0.00    0.0    0.00    0.00    0.0     0.0  1.00
    6    6     8   0.0     0.1   0.000   0.00   0.00    0.0    0.00    0.00    0.0     0.0  1.00
    7    6     8   0.0     7.9   0.000   0.00   0.00    0.0    0.00    0.00    0.0     0.0  1.00
    8    6     8   0.0     7.8   0.000   0.00   0.00    0.0    0.00    0.00    0.0     0.0  1.00
    9    6     8   0.0     3.2   0.000   0.00   0.00    0.0    0.00    0.00    0.0     0.0  1.00
   25    5    10   0.0     4.8   0.000   0.00   0.00    0.0    0.00    0.00    0.0     0.0  1.00
   26    5    10   0.0     2.9   0.000   0.00   0.00    0.0    0.00    0.00    0.0     0.0  1.00
   27    5    10   0.0     6.4   0.000   0.00   0.00    0.0    0.00    0.00    0.0     0.0  1.00
   28    5    10   0.0     2.7   0.000   0.00   0.00    0.0    0.00    0.00    0.0     0.0  1.00
   29    5    10   0.0     1.9   0.000   0.00   0.00    0.0    0.00    0.00    0.0     0.0  1.00
   31    5    10   6.1     1.6   0.000   0.00   0.00    0.0    0.00    0.00    0.0     0.0  1.00
    1    6    10   3.0     2.1   0.000   0.00   0.00    0.0    0.00    0.00    0.0     0.0  1.00
   12    6    10   0.0     0.6   0.000   0.00   0.00    0.0    0.00    0.00    0.0     0.0  1.00
   13    6    10   0.0     4.2   0.000   0.00   0.00    0.0    0.00    0.00    0.0     0.0  1.00
   22    5    11   0.0    11.2   0.000   0.00   0.00    0.0    0.00    0.00    0.0     0.0  1.00
   27    5    13   1.8    20.5   0.000   0.00   0.00    0.0    0.00    0.00    0.0     0.0  1.00
   28    5    13   9.1     8.7   0.000   0.00   0.00    0.0    0.00    0.00    0.0     0.0  1.00
   29    5    13   2.0    14.0   0.000   0.00   0.00    0.0    0.00    0.00    0.0     0.0  1.00
   30    5    13   0.0     1.5   0.000   0.00   0.00    0.0    0.00    0.00    0.0     0.0  1.00
   31    5    13   0.0     3.8   0.000   0.00   0.00    0.0    0.00    0.00    0.0     0.0  1.00
    1    6    13   0.0     0.0   0.000   0.00   0.00    0.0    0.00    0.00    0.0     0.0  1.00
    2    6    13   0.0     0.1   0.000   0.00   0.00    0.0    0.00    0.00    0.0     0.0  1.00
    3    6    13   0.0     7.7   0.000   0.00   0.00    0.0    0.00    0.00    0.0     0.0  1.00
    4    6    13   0.0     4.1   0.000   0.00   0.00    0.0    0.00    0.00    0.0     0.0  1.00
    5    6    13   0.0    14.6   0.000   0.00   0.00    0.0    0.00    0.00    0.0     0.0  1.00
    7   11    17  52.8    13.9   0.000   0.00   0.00    0.0    0.00    0.00    0.0     0.0  1.00
   17    5    19   0.0     3.4   0.000   0.00   0.00    0.0    0.00    0.00    0.0     0.0  1.00
   18    5    19   0.0    13.1   0.000   0.00   0.00    0.0    0.00    0.00    0.0     0.0  1.00
   19    5    19   0.0    17.1   0.000   0.00   0.00    0.0    0.00    0.00    0.0     0.0  1.00
   20    5    19  14.7    12.8   0.000   0.00   0.00    0.0    0.00    0.00    0.0     0.0  1.00
   21    5    19   9.4     0.4   0.000   0.00   0.00    0.0    0.00    0.00    0.0     0.0  1.00
   25    5    19   0.0     1.4   0.000   0.00   0.00    0.0    0.00    0.00    0.0     0.0  1.00
   26    5    19   0.0     3.0   0.000   0.00   0.00    0.0    0.00    0.00    0.0     0.0  1.00
   27    5    19   0.0     0.2   0.000   0.00   0.00    0.0    0.00    0.00    0.0     0.0  1.00
   28    5    19   6.1    12.6   0.000   0.00   0.00    0.0    0.00    0.00    0.0     0.0  1.00
   29    5    19   3.0     1.1   0.000   0.00   0.00    0.0    0.00    0.00    0.0     0.0  1.00
   17    5    20   0.0     3.5   0.000   0.00   0.00    0.0    0.00    0.00    0.0     0.0  1.00
   15    5    22  17.3    11.1   0.000   0.00   0.00    0.0    0.00    0.00    0.0     0.0  1.00
   16    5    22  17.3     4.4   0.000   0.00   0.00    0.0    0.00    0.00    0.0     0.0  1.00
   17    5    22   7.4     1.4   0.000   0.00   0.00    0.0    0.00    0.00    0.0     0.0  1.00
   19    5    22   0.0     3.0   0.000   0.00   0.00    0.0    0.00    0.00    0.0     0.0  1.00
   20    5    22   0.0     6.2   0.000   0.00   0.00    0.0    0.00    0.00    0.0     0.0  1.00
   21    5    22  21.3    14.5   0.000   0.00   0.00    0.0    0.00    0.00    0.0     0.0  1.00
   22    5    22   4.3     0.4   0.000   0.00   0.00    0.0    0.00    0.00    0.0     0.0  1.00
   23    5    22   0.0     1.2   0.000   0.00   0.00    0.0    0.00    0.00    0.0     0.0  1.00
   24    5    22   8.1     0.1   0.000   0.00   0.00    0.0    0.00    0.00    0.0     0.0  1.00
   25    5    22   5.8     4.2   0.000   0.00   0.00    0.0    0.00    0.00    0.0     0.0  1.00
   26    5    22  18.3     3.6   0.000   0.00   0.00    0.0    0.00    0.00    0.0     0.0  1.00
   28    5    22   6.9     0.3   0.000   0.00   0.00    0.0    0.00    0.00    0.0     0.0  1.00
   29    5    22   0.0     2.0   0.000   0.00   0.00    0.0    0.00    0.00    0.0     0.0  1.00
   30    5    22   0.0     0.1   0.000   0.00   0.00    0.0    0.00    0.00    0.0     0.0  1.00
   31    5    22   3.0     1.3   0.000   0.00   0.00    0.0    0.00    0.00    0.0     0.0  1.00
    1    6    22   3.0     0.9   0.000   0.00   0.00    0.0    0.00    0.00    0.0     0.0  1.00
    2    6    22  13.0     2.7   0.000   0.00   0.00    0.0    0.00    0.00    0.0     0.0  1.00
    4    6    22   0.0     3.4   0.000   0.00   0.00    0.0    0.00    0.00    0.0     0.0  1.00
    5    6    22   0.0     7.5   0.000   0.00   0.00    0.0    0.00    0.00    0.0     0.0  1.00
    6    6    22   0.0    10.6   0.000   0.00   0.00    0.0    0.00    0.00    0.0     0.0  1.00
    7    6    22   5.1     5.8   0.000   0.00   0.00    0.0    0.00    0.00    0.0     0.0  1.00
   23    4    23   2.0     1.8   0.000   0.00   0.00    0.0    0.00    0.00    0.0     0.0  1.00
   24    4    23   4.3     8.1   0.000   0.00   0.00    0.0    0.00    0.00    0.0     0.0  1.00
   25    4    23   2.3    21.0   0.000   0.00   0.00    0.0    0.00    0.00    0.0     0.0  1.00
   26    4    23  20.1     7.5   0.000   0.00   0.00    0.0    0.00    0.00    0.0     0.0  1.00
   27    4    23  14.7     0.2   0.000   0.00   0.00    0.0    0.00    0.00    0.0     0.0  1.00
   15    5    23   0.0    20.6   0.000   0.00   0.00    0.0    0.00    0.00    0.0     0.0  1.00
   16    5    23   0.0     5.9   0.000   0.00   0.00    0.0    0.00    0.00    0.0     0.0  1.00
