
Year      Yrly Sed.(tonnes)    Yrly Sed.(tonnes/ha) 
-------------------------
1990                    2256.0                      10.1
1991                      28.5                       0.1
1992                       0.0                       0.0
1993                      28.9                       0.1
1994                       0.0                       0.0
1995                       0.0                       0.0
1996                       6.0                       0.0
1997                       0.0                       0.0
1998                       0.0                       0.0
1999                       0.0                       0.0
2000                       0.0                       0.0
2001                       0.0                       0.0
2002                       0.0                       0.0
2003                       0.0                       0.0
2004                       0.0                       0.0
2005                       0.0                       0.0
2006                       0.0                       0.0
2007                       0.0                       0.0
2008                       0.0                       0.0
2009                       0.0                       0.0
2010                       0.0                       0.0
2011                       0.0                       0.0
2012                       0.0                       0.0
2013                       0.0                       0.0
2014                       0.0                       0.0
2015                       0.0                       0.0
2016                       0.0                       0.0
